32
29 4
4 2
4 5
4 9
4 7

27 4
9 7
3 13
5 9
6 16

25 4
9 9
3 15
5 11
6 13

26 4
9 9
3 15
5 11
6 13

27 4
9 9
3 15
5 11
6 13

28 4
9 9
3 15
5 11
6 13

29 4
9 9
3 15
5 11
6 13


30 4
9 9
3 15
5 11
6 13


25 4
9 7
3 13
5 9
6 6

27 4
9 7
3 13
5 9
6 6

15 4
7 13
9 9
5 6
4 8

1 2
2 4
4 2


1 2
2 1
4 2


9 2
2 9
4 3

10 2
2 2
4 4

10 2
2 4
4 2

10 2
2 2
4 4

10 4
1 7
2 4
3 3
4 5

22 3
7 6
5 5
4 3

25 4
4 9
3 11
2 7
1 15

27 4
4 2
3 5
2 3
1 33

29 4
4 2
3 5
2 9
1 14

39 4
4 3
3 5
2 9
1 19

19 4
7 7
5 9
2 13
4 9

19 4
7 6
5 9
2 13
4 9

100000 100
82 8
28 30
22 6
7 4
52 12
28 30
22 6
7 4
52 12
28 30
22 6
7 4
52 12
28 30
22 6
7 4
52 12
28 30
22 6
7 4
52 12
28 30
22 6
7 4
52 12
28 30
22 6
7 4
52 12
28 30
22 6
7 4
52 12
28 30
22 6
7 4
52 12
28 30
22 6
7 4
52 12
28 30
22 6
7 4
52 12
28 30
22 6
7 4
52 12
28 30
22 6
7 4
52 12
28 30
22 6
7 4
52 12
28 30
22 6
7 4
52 12
28 30
22 6
7 4
52 12
28 30
22 6
7 4
52 12
28 30
22 6
7 4
52 12
28 30
22 6
7 4
52 12
28 30
22 6
7 4
52 12
28 30
22 6
7 4
52 12
28 30
22 6
7 4
52 12
28 30
22 6
7 4
52 12
28 30
22 6
7 4
52 12
28 30
22 6
7 4

99999 100
83 83
290 96
360 87
35 62
80 10
290 96
360 87
35 62
80 10
290 96
360 87
35 62
80 10
290 96
360 87
35 62
80 10
290 96
360 87
35 62
80 10
290 96
360 87
35 62
80 10
290 96
360 87
35 62
80 10
290 96
360 87
35 62
80 10
290 96
360 87
35 62
80 10
290 96
360 87
35 62
80 10
290 96
360 87
35 62
80 10
290 96
360 87
35 62
80 10
290 96
360 87
35 62
80 10
290 96
360 87
35 62
80 10
290 96
360 87
35 62
80 10
290 96
360 87
35 62
80 10
290 96
360 87
35 62
80 10
290 96
360 87
35 62
80 10
290 96
360 87
35 62
80 10
290 96
360 87
35 62
80 10
290 96
360 87
35 62
80 10
290 96
360 2
35 62
80 10
290 96
360 87
35 62
80 10
290 96
360 87
35 62
80 10
290 96
360 87
35 1

199 20
6 23
31 22
11 21
4 20
1 19
33 18
28 17
39 16
15 15
16 14
36 13
6 12
4 11
17 10
19 9
25 8
18 7
24 6
23 5
39 4


399 20
6 23
31 22
11 21
4 20
1 19
33 18
28 17
39 11
15 15
16 14
36 13
6 12
4 11
17 10
19 9
25 8
18 7
24 6
23 11
39 14

99299 20
2 3
39 3
9 3
25 3
16 3
46 3
2 3
4 3
16 3
11 3
9 3
18 3
9 3
25 3
16 3
46 3
2 3
4 3
16 3
11 3

1000 20
3 6
3 17
3 25
3 14
3 9
3 15
3 27
3 30
3 19
3 23
3 23
3 33
3 40
3 39
3 38
3 39
3 29
3 21
3 9
3 24

10099 20
99 6
99 17
99 25
99 14
99 9
99 15
99 27
99 30
99 19
99 23
99 23
99 33
99 40
99 39
99 38
99 39
99 29
99 21
99 9
99 24

