20 7
10 4 6 7 
6 9 4
30 20
8 10 12 15 5 7
3 10 10 10 10 10
10 10 10 10 10 10
10 5
16 10
1 2 3 4
5 6 7 8 9
10
100 1
100
1000 99
32 
83 42 59 39 84 3 86 29 8 85 
31 87 43 0 10 56 48 18 63 45 
81 90 59 92 81 21 35 7 69 94 
71 13 54 41 40 13 37 92 93 84 
18 26 47 82 20 69 64 27 1 30 
93 38 48 14 28 59 73 24 39 71 
14 56 69 48 96 72 62 72 47 84 
37 35 59 76 71 19 97 87 60 9 
43 84 68 89 4 1 84 45 78 25 
97 56 80 55 6 32 75 5
1000 999
9 
92 83 38 34 28 2 53 62 27 6 
29 41 59 51 92 18 61 22 14 67 
74 56 64 68 83 64 64 50 34 72 
74 60 77 32 78 48 46 83 41 5 
83 45 23 72 17 19 42 0 29 80 
75 63 86 25 34 31 45 72 3 38 
41 48 67 7 19 75 74 28 0 60 
32 32 52 14 83 70 16 39 7 10 
21 65 37 15 51 97 82 64 56 48 
33 88 3 13 3 88 95 26 24 91 
89 3 24 73 69 31 69 49 40 39 
3 80 20 77 79 25 30 25 58 44 
80 22 42 74 56 45 53 36 52 79 
62 1 60 74 25 20 52 19 67 25 
26 14 16 72 26 73 55 7 15 83 
26 58 52 58 79 56 23 86 59 82 
77 87 16 31 62 26 47 56 57 8 
39 18 9 47 75 46 93 0 12 25 
63 24 31 6 95 34 58 45 21 24 
67 91 7 60 89 74 46 7 40 27 
62 67 80 79 97 60 62 59 94 62 
36 50 49 58 83 23 69 30 80 94 
0 7 98 15 42 90 70 54 77 14 
29 22 72 67 14 45 71 86 38 75 
3 7 27 47 39 56 72 32 32 47 
89 16 97 76 45 71 12 11 67 75 
78 50 97 88 50 56 98 10 0 67 
1 20 13 41 88 78 0 79 97 15 
40 59 49 18 28 32 82 53 35 61 
62 94 91 24 80 69 75 71 75 36 
93 77 67 38 73 68 56 44 26 35 
35 15 68 78 44 71 92 10 15 58 
30 98 1 19 74 60 90 64 27 72 
31 78 75 72 72 91 53 53 34 37 
91 55 23 59 48 47 7 1 9 1 
45 45 38 19 92 22 14 48 67 18 
84 94 81 36 76 59 6 82 27 10 
73 29 31 0 71 14 43 66 68 1 
75 81 62 15 71 7 52 0 67 3 
52 31 67 36 94 32 58 98 63 87 
89 16 65 77 40 87 0 49 41 32 
39 74 58 75 64 17 91 18 51 34 
28 59 82 98 84 62 22 14 65 25 
28 34 94 50 60 62 9 49 97 49 
69 12 9 96 94 41 94 76 8 72 
8 90 18 90 22 70 22 39 72 85 
90 97 75 87 13 60 16 44 70 9 
13 28 47 36 72 10 32 79 19 57 
4 87 87 44 3 46 5 42 46 92 
91 55 75 70 5 76 29 44 68 47 
81 85 59 87 48 20 83 36 88 72 
8 36 89 27 44 22 33 23 11 61 
36 86 84 17 33 90 90 30 45 73 
25 69 30 27 59 84 95 6 32 17 
35 41 62 12 71 74 70 75 10 55 
66 72 41 36 50 53 96 26 68 50 
26 23 89 16 54 58 98 37 83 37 
44 79 7 34 51 38 61 39 89 80 
79 31 66 70 62 36 50 58 87 7 
35 4 56 39 4 59 7 64 17 43 
22 50 11 27 38 34 82 73 92 78 
56 51 43 35 22 94 59 20 93 97 
17 5 80 39 35 31 20 24 27 96 
17 36 3 95 39 54 22 97 93 69 
77 53 95 96 2 15 38 40 78 41 
56 81 6 26 45 34 82 78 97 90 
46 97 5 54 95 83 33 88 94 15 
70 70 81 98 56 82 25 73 9 90 
18 82 15 69 35 39 96 59 80 74 
23 37 15 59 46 44 67 51 86 53 
47 91 89 48 20 31 98 36 36 84 
45 85 2 87 18 95 13 18 35 77 
36 88 56 92 60 0 54 83 26 62 
22 58 57 66 85 58 87 70 0 61 
33 38 18 4 87 19 71 26 76 21 
29 56 70 54 1 25 61 69 6 32 
90 25 32 17 52 40 43 18 7 93 
86 89 25 2 39 77 3 39 52 31 
14 83 61 13 27 84 98 47 51 78 
70 4 83 33 65 86 90 40 18 14 
7 9 98 50 6 19 55 31 96 20 
52 94 9 45 18 87 16 10 54 52 
52 55 77 71 52 44 20 31 76 4 
75 34 18 58 65 65 35 20 73 39 
26 74 37 35 17 95 86 29 73 41 
75 73 22 20 0 86 13 65 78 13 
89 90 61 20 2 44 18 72 65 67 
9 17 57 14 40 64 58 48 91 20 
48 60 50 66 36 93 65 30 18 81 
55 11 47 19 90 54 2 81 23 74 
72 22 63 32 3 29 76 60 44 38 
47 16 20 32 37 19 92 26 94 89 
50 96 73 56 91 23 69 60 15 71 
37 6 30 37 16 41 73 3 81 73 
23 48 37 16 31 44 89 87 36 49 
62 56 46 0 70 0 94 42 37 35 
95 3 95 31 95 68 57 52 64 36 
73 54 51 51 20 56 55 69 98 52 
17 57 80 51 37 70 22 3 96 28 
30 8 81 80 17 68 31 25 
1000 1000
88 
97 62 22 70 64 14 95 82 39 87 
44 65 18 10 57 2 48 19 31 49 
19 12 40 83 43 89 28 39 17 22 
10 73 70 1 4 88 70 65 95 48 
68 45 54 56 66 94 60 58 1 36 
81 97 22 87 85 93 75 4 92 82 
11 86 96 92 50 35 20 91 49 82 
93 49 52 51 84 20 31 56 67 78 
30 73 35 5 0 15 5 48 98 1 
53 70 99 96 17 96 99 4 99 21 
25 21 41 72 33 30 14 58 92 26 
15 91 64 36 62 91 76 1 8 81 
1 24 13 55 91 7 51 63 92 43 
39 84 26 62 35 90 8 61 69 67 
36 13 24 42 81 48 9 19 68 34 
38 46 39 5 49 23 74 15 88 73 
41 35 83 28 27 34 59 37 13 47 
39 22 55 31 2 75 35 30 86 98 
51 15 40 10 24 44 54 90 26 88 
36 14 30 13 8 49 21 52 64 19 
16 13 37 87 74 46 73 50 9 2 
67 93 35 17 42 76 37 20 2 27 
59 34 72 1 87 65 44 20 14 90 
58 44 41 25 67 51 4 52 30 77 
96 8 26 72 79 62 63 23 60 22 
29 6 77 84 0 32 73 81 21 42 
48 70 31 82 20 37 28 87 18 71 
13 85 7 73 88 65 16 27 51 82 
39 13 53 74 70 5 48 62 3 15 
33 27 41 82 1 46 60 63 38 40 
51 76 14 5 96 77 17 64 19 77 
40 23 70 7 5 50 27 39 79 3 
85 74 37 96 64 29 89 95 50 72 
85 33 29 40 3 88 17 58 17 33 
79 16 34 80 12 83 96 47 72 58 
31 52 88 34 68 17 32 89 12 74 
75 11 99 8 19 10 81 38 3 43 
65 52 15 75 19 96 19 16 4 22 
35 61 89 40 37 82 86 52 23 17 
6 65 75 48 58 79 6 9 60 82 
72 92 70 84 4 7 94 87 4 37 
85 45 34 75 69 9 26 76 41 36 
31 53 75 71 8 47 7 23 96 58 
67 53 56 86 48 65 45 30 35 45 
25 16 11 3 92 1 39 12 63 42 
70 85 26 75 61 22 58 61 10 89 
41 26 68 5 57 22 36 23 33 70 
74 49 93 71 34 15 78 71 53 40 
37 81 16 23 59 59 41 10 50 56 
28 31 92 2 26 54 24 42 18 16 
75 52 14 16 13 99 73 86 69 33 
25 72 9 14 68 35 76 76 51 44 
6 53 15 72 74 1 76 36 59 87 
84 2 19 0 60 68 41 41 24 77 
39 69 15 50 31 47 35 49 67 10 
29 32 13 5 46 86 89 80 29 0 
50 74 7 27 14 67 78 25 70 59 
2 1 74 28 42 84 89 59 36 36 
32 0 92 89 25 88 66 8 42 92 
3 20 20 98 57 45 89 94 82 30 
46 50 0 52 12 85 33 71 65 17 
22 40 84 9 28 69 86 26 64 74 
94 60 71 33 12 60 27 56 65 91 
43 88 97 75 80 46 5 34 79 53 
37 16 15 37 60 17 23 21 76 33 
76 74 36 75 43 3 91 16 87 78 
86 35 21 37 98 20 81 96 9 97 
35 87 91 48 83 6 76 36 3 72 
86 89 6 44 92 23 70 7 74 61 
74 31 79 12 28 46 59 82 62 11 
0 58 27 51 62 84 28 39 88 59 
10 35 20 34 80 73 49 29 67 53 
85 25 88 59 32 63 9 30 31 74 
60 18 9 30 1 66 9 96 11 67 
96 23 97 41 13 86 19 37 2 39 
72 14 36 7 33 70 8 68 55 98 
44 58 79 10 92 38 82 49 99 94 
90 17 57 4 49 94 82 93 40 63 
36 10 23 93 29 19 65 2 73 55 
33 20 72 10 4 18 14 32 67 87 
27 91 92 87 37 36 32 53 99 2 
80 12 25 44 57 13 90 71 80 16 
58 23 51 25 12 94 38 9 65 24 
44 39 60 93 5 53 77 51 65 45 
93 51 48 87 62 30 43 27 20 70 
15 9 39 6 38 16 2 82 63 10 
0 50 27 64 4 15 0 96 89 51 
16 89 67 99 97 74 4 21 35 60 
74 48 83 61 44 46 55 19 50 77 
31 52 3 56 27 68 94 19 72 58 
78 99 22 59 52 62 27 96 56 36 
46 69 73 14 29 96 90 5 30 51 
1 78 71 48 72 12 37 82 13 81 
10 20 86 34 42 62 78 91 10 4 
70 77 57 34 23 34 10 76 37 91 
17 13 22 64 33 88 42 44 54 62 
34 80 89 6 63 22 22 50 74 69 
38 82 68 87 40 70 80 28 0 20 
76 14 80 13 8 99 45 61 16 1 
17 17 87 12 92 11 62 17 55
0 0
