13
2 2
0 0 5000 9000
5000 0 9000 9000
0 0 7000 9000
7000 0 9000 9000

6 5
0 0 5 1
0 1 5 2
0 2 2 3
3 3 5 3
0 3 5 5
2 2 3 3
0 0 2 5
2 0 3 2
2 3 3 5
3 0 5 5
2 2 3 3

2 2
0 0 10 2
0 2 10 5
1 0 10 5
0 0 1 5

3 3
0 0 4 2
0 2 4 4
4 0 6 4
0 0 2 4
2 0 6 2
2 2 6 4

3 3
0 0 4 2
0 2 4 4
4 0 6 4
0 0 2 4
2 0 4 4
4 0 6 4

3 3
0 0 2 1
0 1 2 2
2 0 3 2
0 0 1 2
1 0 2 2
1 1 3 2

3 3
0 0 2 1
0 1 2 2
2 0 3 2
0 0 1 2
1 0 2 2
2 0 3 2

8 5
0 0 2 1
2 0 3 2
3 0 4 3
2 2 3 3
0 3 1 4
0 1 1 3
1 1 2 4
2 3 4 4
0 3 4 4
0 2 1 3
1 2 3 3
3 2 4 3
0 0 4 2

2 3
0 0 3 1
0 2 3 3
0 0 1 3
2 0 3 3
1 1 2 2
2 2
0 0 3 1
0 2 3 3
0 0 1 3
2 0 3 3

100 100
0 0 1 100
1 0 2 100
2 0 3 100
3 0 4 100
4 0 5 100
5 0 6 100
6 0 7 100
7 0 8 100
8 0 9 100
9 0 10 100
10 0 11 100
11 0 12 100
12 0 13 100
13 0 14 100
14 0 15 100
15 0 16 100
16 0 17 100
17 0 18 100
18 0 19 100
19 0 20 100
20 0 21 100
21 0 22 100
22 0 23 100
23 0 24 100
24 0 25 100
25 0 26 100
26 0 27 100
27 0 28 100
28 0 29 100
29 0 30 100
30 0 31 100
31 0 32 100
32 0 33 100
33 0 34 100
34 0 35 100
35 0 36 100
36 0 37 100
37 0 38 100
38 0 39 100
39 0 40 100
40 0 41 100
41 0 42 100
42 0 43 100
43 0 44 100
44 0 45 100
45 0 46 100
46 0 47 100
47 0 48 100
48 0 49 100
49 0 50 100
50 0 51 100
51 0 52 100
52 0 53 100
53 0 54 100
54 0 55 100
55 0 56 100
56 0 57 100
57 0 58 100
58 0 59 100
59 0 60 100
60 0 61 100
61 0 62 100
62 0 63 100
63 0 64 100
64 0 65 100
65 0 66 100
66 0 67 100
67 0 68 100
68 0 69 100
69 0 70 100
70 0 71 100
71 0 72 100
72 0 73 100
73 0 74 100
74 0 75 100
75 0 76 100
76 0 77 100
77 0 78 100
78 0 79 100
79 0 80 100
80 0 81 100
81 0 82 100
82 0 83 100
83 0 84 100
84 0 85 100
85 0 86 100
86 0 87 100
87 0 88 100
88 0 89 100
89 0 90 100
90 0 91 100
91 0 92 100
92 0 93 100
93 0 94 100
94 0 95 100
95 0 96 100
96 0 97 100
97 0 98 100
98 0 99 100
99 0 100 100
0 0 100 1
0 1 100 2
0 2 100 3
0 3 100 4
0 4 100 5
0 5 100 6
0 6 100 7
0 7 100 8
0 8 100 9
0 9 100 10
0 10 100 11
0 11 100 12
0 12 100 13
0 13 100 14
0 14 100 15
0 15 100 16
0 16 100 17
0 17 100 18
0 18 100 19
0 19 100 20
0 20 100 21
0 21 100 22
0 22 100 23
0 23 100 24
0 24 100 25
0 25 100 26
0 26 100 27
0 27 100 28
0 28 100 29
0 29 100 30
0 30 100 31
0 31 100 32
0 32 100 33
0 33 100 34
0 34 100 35
0 35 100 36
0 36 100 37
0 37 100 38
0 38 100 39
0 39 100 40
0 40 100 41
0 41 100 42
0 42 100 43
0 43 100 44
0 44 100 45
0 45 100 46
0 46 100 47
0 47 100 48
0 48 100 49
0 49 100 50
0 50 100 51
0 51 100 52
0 52 100 53
0 53 100 54
0 54 100 55
0 55 100 56
0 56 100 57
0 57 100 58
0 58 100 59
0 59 100 60
0 60 100 61
0 61 100 62
0 62 100 63
0 63 100 64
0 64 100 65
0 65 100 66
0 66 100 67
0 67 100 68
0 68 100 69
0 69 100 70
0 70 100 71
0 71 100 72
0 72 100 73
0 73 100 74
0 74 100 75
0 75 100 76
0 76 100 77
0 77 100 78
0 78 100 79
0 79 100 80
0 80 100 81
0 81 100 82
0 82 100 83
0 83 100 84
0 84 100 85
0 85 100 86
0 86 100 87
0 87 100 88
0 88 100 89
0 89 100 90
0 90 100 91
0 91 100 92
0 92 100 93
0 93 100 94
0 94 100 95
0 95 100 96
0 96 100 97
0 97 100 98
0 98 100 99
0 99 100 100

100 101
0 0 1 100
1 0 2 100
2 0 3 100
3 0 4 100
4 0 5 100
5 0 6 100
6 0 7 100
7 0 8 100
8 0 9 100
9 0 10 100
10 0 11 100
11 0 12 100
12 0 13 100
13 0 14 100
14 0 15 100
15 0 16 100
16 0 17 100
17 0 18 100
18 0 19 100
19 0 20 100
20 0 21 100
21 0 22 100
22 0 23 100
23 0 24 100
24 0 25 100
25 0 26 100
26 0 27 100
27 0 28 100
28 0 29 100
29 0 30 100
30 0 31 100
31 0 32 100
32 0 33 100
33 0 34 100
34 0 35 100
35 0 36 100
36 0 37 100
37 0 38 100
38 0 39 100
39 0 40 100
40 0 41 100
41 0 42 100
42 0 43 100
43 0 44 100
44 0 45 100
45 0 46 100
46 0 47 100
47 0 48 100
48 0 49 100
49 0 50 100
50 0 51 100
51 0 52 100
52 0 53 100
53 0 54 100
54 0 55 100
55 0 56 100
56 0 57 100
57 0 58 100
58 0 59 100
59 0 60 100
60 0 61 100
61 0 62 100
62 0 63 100
63 0 64 100
64 0 65 100
65 0 66 100
66 0 67 100
67 0 68 100
68 0 69 100
69 0 70 100
70 0 71 100
71 0 72 100
72 0 73 100
73 0 74 100
74 0 75 100
75 0 76 100
76 0 77 100
77 0 78 100
78 0 79 100
79 0 80 100
80 0 81 100
81 0 82 100
82 0 83 100
83 0 84 100
84 0 85 100
85 0 86 100
86 0 87 100
87 0 88 100
88 0 89 100
89 0 90 100
90 0 91 100
91 0 92 100
92 0 93 100
93 0 94 100
94 0 95 100
95 0 96 100
96 0 97 100
97 0 98 100
98 0 99 100
99 0 100 100
0 0 100 1
0 1 100 2
0 2 100 3
0 3 100 4
0 4 100 5
0 5 100 6
0 6 100 7
0 7 100 8
0 8 100 9
0 9 100 10
0 10 100 11
0 11 100 12
0 12 100 13
0 13 100 14
0 14 100 15
0 15 100 16
0 16 100 17
0 17 100 18
0 18 100 19
0 19 100 20
0 20 100 21
0 21 100 22
0 22 100 23
0 23 100 24
0 24 100 25
0 25 100 26
0 26 100 27
0 27 100 28
0 28 100 29
0 29 100 30
0 30 100 31
0 31 100 32
0 32 100 33
0 33 100 34
0 34 100 35
0 35 100 36
0 36 100 37
0 37 100 38
0 38 100 39
0 39 100 40
0 40 100 41
0 41 100 42
0 42 100 43
0 43 100 44
0 44 100 45
0 45 100 46
0 46 100 47
0 47 100 48
0 48 100 49
0 49 100 50
0 50 100 51
0 51 100 52
0 52 100 53
0 53 100 54
0 54 100 55
0 55 100 56
0 56 100 57
0 57 100 58
0 58 100 59
0 59 100 60
0 60 100 61
0 61 100 62
0 62 100 63
0 63 100 64
0 64 100 65
0 65 100 66
0 66 100 67
0 67 100 68
0 68 100 69
0 69 100 70
0 70 100 71
0 71 100 72
0 72 100 73
0 73 100 74
0 74 100 75
0 75 100 76
0 76 100 77
0 77 100 78
0 78 100 79
0 79 100 80
0 80 100 81
0 81 100 82
0 82 100 83
0 83 100 84
0 84 100 85
0 85 100 86
0 86 100 87
0 87 100 88
0 88 100 89
0 89 100 90
0 90 100 91
0 91 100 92
0 92 100 93
0 93 100 94
0 94 100 95
0 95 100 96
0 96 100 97
0 97 100 98
0 98 100 99
0 99 100 100
0 100 100 101

1000 1000
0 0 1 1000
1 0 2 1000
2 0 3 1000
3 0 4 1000
4 0 5 1000
5 0 6 1000
6 0 7 1000
7 0 8 1000
8 0 9 1000
9 0 10 1000
10 0 11 1000
11 0 12 1000
12 0 13 1000
13 0 14 1000
14 0 15 1000
15 0 16 1000
16 0 17 1000
17 0 18 1000
18 0 19 1000
19 0 20 1000
20 0 21 1000
21 0 22 1000
22 0 23 1000
23 0 24 1000
24 0 25 1000
25 0 26 1000
26 0 27 1000
27 0 28 1000
28 0 29 1000
29 0 30 1000
30 0 31 1000
31 0 32 1000
32 0 33 1000
33 0 34 1000
34 0 35 1000
35 0 36 1000
36 0 37 1000
37 0 38 1000
38 0 39 1000
39 0 40 1000
40 0 41 1000
41 0 42 1000
42 0 43 1000
43 0 44 1000
44 0 45 1000
45 0 46 1000
46 0 47 1000
47 0 48 1000
48 0 49 1000
49 0 50 1000
50 0 51 1000
51 0 52 1000
52 0 53 1000
53 0 54 1000
54 0 55 1000
55 0 56 1000
56 0 57 1000
57 0 58 1000
58 0 59 1000
59 0 60 1000
60 0 61 1000
61 0 62 1000
62 0 63 1000
63 0 64 1000
64 0 65 1000
65 0 66 1000
66 0 67 1000
67 0 68 1000
68 0 69 1000
69 0 70 1000
70 0 71 1000
71 0 72 1000
72 0 73 1000
73 0 74 1000
74 0 75 1000
75 0 76 1000
76 0 77 1000
77 0 78 1000
78 0 79 1000
79 0 80 1000
80 0 81 1000
81 0 82 1000
82 0 83 1000
83 0 84 1000
84 0 85 1000
85 0 86 1000
86 0 87 1000
87 0 88 1000
88 0 89 1000
89 0 90 1000
90 0 91 1000
91 0 92 1000
92 0 93 1000
93 0 94 1000
94 0 95 1000
95 0 96 1000
96 0 97 1000
97 0 98 1000
98 0 99 1000
99 0 100 1000
100 0 101 1000
101 0 102 1000
102 0 103 1000
103 0 104 1000
104 0 105 1000
105 0 106 1000
106 0 107 1000
107 0 108 1000
108 0 109 1000
109 0 110 1000
110 0 111 1000
111 0 112 1000
112 0 113 1000
113 0 114 1000
114 0 115 1000
115 0 116 1000
116 0 117 1000
117 0 118 1000
118 0 119 1000
119 0 120 1000
120 0 121 1000
121 0 122 1000
122 0 123 1000
123 0 124 1000
124 0 125 1000
125 0 126 1000
126 0 127 1000
127 0 128 1000
128 0 129 1000
129 0 130 1000
130 0 131 1000
131 0 132 1000
132 0 133 1000
133 0 134 1000
134 0 135 1000
135 0 136 1000
136 0 137 1000
137 0 138 1000
138 0 139 1000
139 0 140 1000
140 0 141 1000
141 0 142 1000
142 0 143 1000
143 0 144 1000
144 0 145 1000
145 0 146 1000
146 0 147 1000
147 0 148 1000
148 0 149 1000
149 0 150 1000
150 0 151 1000
151 0 152 1000
152 0 153 1000
153 0 154 1000
154 0 155 1000
155 0 156 1000
156 0 157 1000
157 0 158 1000
158 0 159 1000
159 0 160 1000
160 0 161 1000
161 0 162 1000
162 0 163 1000
163 0 164 1000
164 0 165 1000
165 0 166 1000
166 0 167 1000
167 0 168 1000
168 0 169 1000
169 0 170 1000
170 0 171 1000
171 0 172 1000
172 0 173 1000
173 0 174 1000
174 0 175 1000
175 0 176 1000
176 0 177 1000
177 0 178 1000
178 0 179 1000
179 0 180 1000
180 0 181 1000
181 0 182 1000
182 0 183 1000
183 0 184 1000
184 0 185 1000
185 0 186 1000
186 0 187 1000
187 0 188 1000
188 0 189 1000
189 0 190 1000
190 0 191 1000
191 0 192 1000
192 0 193 1000
193 0 194 1000
194 0 195 1000
195 0 196 1000
196 0 197 1000
197 0 198 1000
198 0 199 1000
199 0 200 1000
200 0 201 1000
201 0 202 1000
202 0 203 1000
203 0 204 1000
204 0 205 1000
205 0 206 1000
206 0 207 1000
207 0 208 1000
208 0 209 1000
209 0 210 1000
210 0 211 1000
211 0 212 1000
212 0 213 1000
213 0 214 1000
214 0 215 1000
215 0 216 1000
216 0 217 1000
217 0 218 1000
218 0 219 1000
219 0 220 1000
220 0 221 1000
221 0 222 1000
222 0 223 1000
223 0 224 1000
224 0 225 1000
225 0 226 1000
226 0 227 1000
227 0 228 1000
228 0 229 1000
229 0 230 1000
230 0 231 1000
231 0 232 1000
232 0 233 1000
233 0 234 1000
234 0 235 1000
235 0 236 1000
236 0 237 1000
237 0 238 1000
238 0 239 1000
239 0 240 1000
240 0 241 1000
241 0 242 1000
242 0 243 1000
243 0 244 1000
244 0 245 1000
245 0 246 1000
246 0 247 1000
247 0 248 1000
248 0 249 1000
249 0 250 1000
250 0 251 1000
251 0 252 1000
252 0 253 1000
253 0 254 1000
254 0 255 1000
255 0 256 1000
256 0 257 1000
257 0 258 1000
258 0 259 1000
259 0 260 1000
260 0 261 1000
261 0 262 1000
262 0 263 1000
263 0 264 1000
264 0 265 1000
265 0 266 1000
266 0 267 1000
267 0 268 1000
268 0 269 1000
269 0 270 1000
270 0 271 1000
271 0 272 1000
272 0 273 1000
273 0 274 1000
274 0 275 1000
275 0 276 1000
276 0 277 1000
277 0 278 1000
278 0 279 1000
279 0 280 1000
280 0 281 1000
281 0 282 1000
282 0 283 1000
283 0 284 1000
284 0 285 1000
285 0 286 1000
286 0 287 1000
287 0 288 1000
288 0 289 1000
289 0 290 1000
290 0 291 1000
291 0 292 1000
292 0 293 1000
293 0 294 1000
294 0 295 1000
295 0 296 1000
296 0 297 1000
297 0 298 1000
298 0 299 1000
299 0 300 1000
300 0 301 1000
301 0 302 1000
302 0 303 1000
303 0 304 1000
304 0 305 1000
305 0 306 1000
306 0 307 1000
307 0 308 1000
308 0 309 1000
309 0 310 1000
310 0 311 1000
311 0 312 1000
312 0 313 1000
313 0 314 1000
314 0 315 1000
315 0 316 1000
316 0 317 1000
317 0 318 1000
318 0 319 1000
319 0 320 1000
320 0 321 1000
321 0 322 1000
322 0 323 1000
323 0 324 1000
324 0 325 1000
325 0 326 1000
326 0 327 1000
327 0 328 1000
328 0 329 1000
329 0 330 1000
330 0 331 1000
331 0 332 1000
332 0 333 1000
333 0 334 1000
334 0 335 1000
335 0 336 1000
336 0 337 1000
337 0 338 1000
338 0 339 1000
339 0 340 1000
340 0 341 1000
341 0 342 1000
342 0 343 1000
343 0 344 1000
344 0 345 1000
345 0 346 1000
346 0 347 1000
347 0 348 1000
348 0 349 1000
349 0 350 1000
350 0 351 1000
351 0 352 1000
352 0 353 1000
353 0 354 1000
354 0 355 1000
355 0 356 1000
356 0 357 1000
357 0 358 1000
358 0 359 1000
359 0 360 1000
360 0 361 1000
361 0 362 1000
362 0 363 1000
363 0 364 1000
364 0 365 1000
365 0 366 1000
366 0 367 1000
367 0 368 1000
368 0 369 1000
369 0 370 1000
370 0 371 1000
371 0 372 1000
372 0 373 1000
373 0 374 1000
374 0 375 1000
375 0 376 1000
376 0 377 1000
377 0 378 1000
378 0 379 1000
379 0 380 1000
380 0 381 1000
381 0 382 1000
382 0 383 1000
383 0 384 1000
384 0 385 1000
385 0 386 1000
386 0 387 1000
387 0 388 1000
388 0 389 1000
389 0 390 1000
390 0 391 1000
391 0 392 1000
392 0 393 1000
393 0 394 1000
394 0 395 1000
395 0 396 1000
396 0 397 1000
397 0 398 1000
398 0 399 1000
399 0 400 1000
400 0 401 1000
401 0 402 1000
402 0 403 1000
403 0 404 1000
404 0 405 1000
405 0 406 1000
406 0 407 1000
407 0 408 1000
408 0 409 1000
409 0 410 1000
410 0 411 1000
411 0 412 1000
412 0 413 1000
413 0 414 1000
414 0 415 1000
415 0 416 1000
416 0 417 1000
417 0 418 1000
418 0 419 1000
419 0 420 1000
420 0 421 1000
421 0 422 1000
422 0 423 1000
423 0 424 1000
424 0 425 1000
425 0 426 1000
426 0 427 1000
427 0 428 1000
428 0 429 1000
429 0 430 1000
430 0 431 1000
431 0 432 1000
432 0 433 1000
433 0 434 1000
434 0 435 1000
435 0 436 1000
436 0 437 1000
437 0 438 1000
438 0 439 1000
439 0 440 1000
440 0 441 1000
441 0 442 1000
442 0 443 1000
443 0 444 1000
444 0 445 1000
445 0 446 1000
446 0 447 1000
447 0 448 1000
448 0 449 1000
449 0 450 1000
450 0 451 1000
451 0 452 1000
452 0 453 1000
453 0 454 1000
454 0 455 1000
455 0 456 1000
456 0 457 1000
457 0 458 1000
458 0 459 1000
459 0 460 1000
460 0 461 1000
461 0 462 1000
462 0 463 1000
463 0 464 1000
464 0 465 1000
465 0 466 1000
466 0 467 1000
467 0 468 1000
468 0 469 1000
469 0 470 1000
470 0 471 1000
471 0 472 1000
472 0 473 1000
473 0 474 1000
474 0 475 1000
475 0 476 1000
476 0 477 1000
477 0 478 1000
478 0 479 1000
479 0 480 1000
480 0 481 1000
481 0 482 1000
482 0 483 1000
483 0 484 1000
484 0 485 1000
485 0 486 1000
486 0 487 1000
487 0 488 1000
488 0 489 1000
489 0 490 1000
490 0 491 1000
491 0 492 1000
492 0 493 1000
493 0 494 1000
494 0 495 1000
495 0 496 1000
496 0 497 1000
497 0 498 1000
498 0 499 1000
499 0 500 1000
500 0 501 1000
501 0 502 1000
502 0 503 1000
503 0 504 1000
504 0 505 1000
505 0 506 1000
506 0 507 1000
507 0 508 1000
508 0 509 1000
509 0 510 1000
510 0 511 1000
511 0 512 1000
512 0 513 1000
513 0 514 1000
514 0 515 1000
515 0 516 1000
516 0 517 1000
517 0 518 1000
518 0 519 1000
519 0 520 1000
520 0 521 1000
521 0 522 1000
522 0 523 1000
523 0 524 1000
524 0 525 1000
525 0 526 1000
526 0 527 1000
527 0 528 1000
528 0 529 1000
529 0 530 1000
530 0 531 1000
531 0 532 1000
532 0 533 1000
533 0 534 1000
534 0 535 1000
535 0 536 1000
536 0 537 1000
537 0 538 1000
538 0 539 1000
539 0 540 1000
540 0 541 1000
541 0 542 1000
542 0 543 1000
543 0 544 1000
544 0 545 1000
545 0 546 1000
546 0 547 1000
547 0 548 1000
548 0 549 1000
549 0 550 1000
550 0 551 1000
551 0 552 1000
552 0 553 1000
553 0 554 1000
554 0 555 1000
555 0 556 1000
556 0 557 1000
557 0 558 1000
558 0 559 1000
559 0 560 1000
560 0 561 1000
561 0 562 1000
562 0 563 1000
563 0 564 1000
564 0 565 1000
565 0 566 1000
566 0 567 1000
567 0 568 1000
568 0 569 1000
569 0 570 1000
570 0 571 1000
571 0 572 1000
572 0 573 1000
573 0 574 1000
574 0 575 1000
575 0 576 1000
576 0 577 1000
577 0 578 1000
578 0 579 1000
579 0 580 1000
580 0 581 1000
581 0 582 1000
582 0 583 1000
583 0 584 1000
584 0 585 1000
585 0 586 1000
586 0 587 1000
587 0 588 1000
588 0 589 1000
589 0 590 1000
590 0 591 1000
591 0 592 1000
592 0 593 1000
593 0 594 1000
594 0 595 1000
595 0 596 1000
596 0 597 1000
597 0 598 1000
598 0 599 1000
599 0 600 1000
600 0 601 1000
601 0 602 1000
602 0 603 1000
603 0 604 1000
604 0 605 1000
605 0 606 1000
606 0 607 1000
607 0 608 1000
608 0 609 1000
609 0 610 1000
610 0 611 1000
611 0 612 1000
612 0 613 1000
613 0 614 1000
614 0 615 1000
615 0 616 1000
616 0 617 1000
617 0 618 1000
618 0 619 1000
619 0 620 1000
620 0 621 1000
621 0 622 1000
622 0 623 1000
623 0 624 1000
624 0 625 1000
625 0 626 1000
626 0 627 1000
627 0 628 1000
628 0 629 1000
629 0 630 1000
630 0 631 1000
631 0 632 1000
632 0 633 1000
633 0 634 1000
634 0 635 1000
635 0 636 1000
636 0 637 1000
637 0 638 1000
638 0 639 1000
639 0 640 1000
640 0 641 1000
641 0 642 1000
642 0 643 1000
643 0 644 1000
644 0 645 1000
645 0 646 1000
646 0 647 1000
647 0 648 1000
648 0 649 1000
649 0 650 1000
650 0 651 1000
651 0 652 1000
652 0 653 1000
653 0 654 1000
654 0 655 1000
655 0 656 1000
656 0 657 1000
657 0 658 1000
658 0 659 1000
659 0 660 1000
660 0 661 1000
661 0 662 1000
662 0 663 1000
663 0 664 1000
664 0 665 1000
665 0 666 1000
666 0 667 1000
667 0 668 1000
668 0 669 1000
669 0 670 1000
670 0 671 1000
671 0 672 1000
672 0 673 1000
673 0 674 1000
674 0 675 1000
675 0 676 1000
676 0 677 1000
677 0 678 1000
678 0 679 1000
679 0 680 1000
680 0 681 1000
681 0 682 1000
682 0 683 1000
683 0 684 1000
684 0 685 1000
685 0 686 1000
686 0 687 1000
687 0 688 1000
688 0 689 1000
689 0 690 1000
690 0 691 1000
691 0 692 1000
692 0 693 1000
693 0 694 1000
694 0 695 1000
695 0 696 1000
696 0 697 1000
697 0 698 1000
698 0 699 1000
699 0 700 1000
700 0 701 1000
701 0 702 1000
702 0 703 1000
703 0 704 1000
704 0 705 1000
705 0 706 1000
706 0 707 1000
707 0 708 1000
708 0 709 1000
709 0 710 1000
710 0 711 1000
711 0 712 1000
712 0 713 1000
713 0 714 1000
714 0 715 1000
715 0 716 1000
716 0 717 1000
717 0 718 1000
718 0 719 1000
719 0 720 1000
720 0 721 1000
721 0 722 1000
722 0 723 1000
723 0 724 1000
724 0 725 1000
725 0 726 1000
726 0 727 1000
727 0 728 1000
728 0 729 1000
729 0 730 1000
730 0 731 1000
731 0 732 1000
732 0 733 1000
733 0 734 1000
734 0 735 1000
735 0 736 1000
736 0 737 1000
737 0 738 1000
738 0 739 1000
739 0 740 1000
740 0 741 1000
741 0 742 1000
742 0 743 1000
743 0 744 1000
744 0 745 1000
745 0 746 1000
746 0 747 1000
747 0 748 1000
748 0 749 1000
749 0 750 1000
750 0 751 1000
751 0 752 1000
752 0 753 1000
753 0 754 1000
754 0 755 1000
755 0 756 1000
756 0 757 1000
757 0 758 1000
758 0 759 1000
759 0 760 1000
760 0 761 1000
761 0 762 1000
762 0 763 1000
763 0 764 1000
764 0 765 1000
765 0 766 1000
766 0 767 1000
767 0 768 1000
768 0 769 1000
769 0 770 1000
770 0 771 1000
771 0 772 1000
772 0 773 1000
773 0 774 1000
774 0 775 1000
775 0 776 1000
776 0 777 1000
777 0 778 1000
778 0 779 1000
779 0 780 1000
780 0 781 1000
781 0 782 1000
782 0 783 1000
783 0 784 1000
784 0 785 1000
785 0 786 1000
786 0 787 1000
787 0 788 1000
788 0 789 1000
789 0 790 1000
790 0 791 1000
791 0 792 1000
792 0 793 1000
793 0 794 1000
794 0 795 1000
795 0 796 1000
796 0 797 1000
797 0 798 1000
798 0 799 1000
799 0 800 1000
800 0 801 1000
801 0 802 1000
802 0 803 1000
803 0 804 1000
804 0 805 1000
805 0 806 1000
806 0 807 1000
807 0 808 1000
808 0 809 1000
809 0 810 1000
810 0 811 1000
811 0 812 1000
812 0 813 1000
813 0 814 1000
814 0 815 1000
815 0 816 1000
816 0 817 1000
817 0 818 1000
818 0 819 1000
819 0 820 1000
820 0 821 1000
821 0 822 1000
822 0 823 1000
823 0 824 1000
824 0 825 1000
825 0 826 1000
826 0 827 1000
827 0 828 1000
828 0 829 1000
829 0 830 1000
830 0 831 1000
831 0 832 1000
832 0 833 1000
833 0 834 1000
834 0 835 1000
835 0 836 1000
836 0 837 1000
837 0 838 1000
838 0 839 1000
839 0 840 1000
840 0 841 1000
841 0 842 1000
842 0 843 1000
843 0 844 1000
844 0 845 1000
845 0 846 1000
846 0 847 1000
847 0 848 1000
848 0 849 1000
849 0 850 1000
850 0 851 1000
851 0 852 1000
852 0 853 1000
853 0 854 1000
854 0 855 1000
855 0 856 1000
856 0 857 1000
857 0 858 1000
858 0 859 1000
859 0 860 1000
860 0 861 1000
861 0 862 1000
862 0 863 1000
863 0 864 1000
864 0 865 1000
865 0 866 1000
866 0 867 1000
867 0 868 1000
868 0 869 1000
869 0 870 1000
870 0 871 1000
871 0 872 1000
872 0 873 1000
873 0 874 1000
874 0 875 1000
875 0 876 1000
876 0 877 1000
877 0 878 1000
878 0 879 1000
879 0 880 1000
880 0 881 1000
881 0 882 1000
882 0 883 1000
883 0 884 1000
884 0 885 1000
885 0 886 1000
886 0 887 1000
887 0 888 1000
888 0 889 1000
889 0 890 1000
890 0 891 1000
891 0 892 1000
892 0 893 1000
893 0 894 1000
894 0 895 1000
895 0 896 1000
896 0 897 1000
897 0 898 1000
898 0 899 1000
899 0 900 1000
900 0 901 1000
901 0 902 1000
902 0 903 1000
903 0 904 1000
904 0 905 1000
905 0 906 1000
906 0 907 1000
907 0 908 1000
908 0 909 1000
909 0 910 1000
910 0 911 1000
911 0 912 1000
912 0 913 1000
913 0 914 1000
914 0 915 1000
915 0 916 1000
916 0 917 1000
917 0 918 1000
918 0 919 1000
919 0 920 1000
920 0 921 1000
921 0 922 1000
922 0 923 1000
923 0 924 1000
924 0 925 1000
925 0 926 1000
926 0 927 1000
927 0 928 1000
928 0 929 1000
929 0 930 1000
930 0 931 1000
931 0 932 1000
932 0 933 1000
933 0 934 1000
934 0 935 1000
935 0 936 1000
936 0 937 1000
937 0 938 1000
938 0 939 1000
939 0 940 1000
940 0 941 1000
941 0 942 1000
942 0 943 1000
943 0 944 1000
944 0 945 1000
945 0 946 1000
946 0 947 1000
947 0 948 1000
948 0 949 1000
949 0 950 1000
950 0 951 1000
951 0 952 1000
952 0 953 1000
953 0 954 1000
954 0 955 1000
955 0 956 1000
956 0 957 1000
957 0 958 1000
958 0 959 1000
959 0 960 1000
960 0 961 1000
961 0 962 1000
962 0 963 1000
963 0 964 1000
964 0 965 1000
965 0 966 1000
966 0 967 1000
967 0 968 1000
968 0 969 1000
969 0 970 1000
970 0 971 1000
971 0 972 1000
972 0 973 1000
973 0 974 1000
974 0 975 1000
975 0 976 1000
976 0 977 1000
977 0 978 1000
978 0 979 1000
979 0 980 1000
980 0 981 1000
981 0 982 1000
982 0 983 1000
983 0 984 1000
984 0 985 1000
985 0 986 1000
986 0 987 1000
987 0 988 1000
988 0 989 1000
989 0 990 1000
990 0 991 1000
991 0 992 1000
992 0 993 1000
993 0 994 1000
994 0 995 1000
995 0 996 1000
996 0 997 1000
997 0 998 1000
998 0 999 1000
999 0 1000 1000
0 0 1000 1
0 1 1000 2
0 2 1000 3
0 3 1000 4
0 4 1000 5
0 5 1000 6
0 6 1000 7
0 7 1000 8
0 8 1000 9
0 9 1000 10
0 10 1000 11
0 11 1000 12
0 12 1000 13
0 13 1000 14
0 14 1000 15
0 15 1000 16
0 16 1000 17
0 17 1000 18
0 18 1000 19
0 19 1000 20
0 20 1000 21
0 21 1000 22
0 22 1000 23
0 23 1000 24
0 24 1000 25
0 25 1000 26
0 26 1000 27
0 27 1000 28
0 28 1000 29
0 29 1000 30
0 30 1000 31
0 31 1000 32
0 32 1000 33
0 33 1000 34
0 34 1000 35
0 35 1000 36
0 36 1000 37
0 37 1000 38
0 38 1000 39
0 39 1000 40
0 40 1000 41
0 41 1000 42
0 42 1000 43
0 43 1000 44
0 44 1000 45
0 45 1000 46
0 46 1000 47
0 47 1000 48
0 48 1000 49
0 49 1000 50
0 50 1000 51
0 51 1000 52
0 52 1000 53
0 53 1000 54
0 54 1000 55
0 55 1000 56
0 56 1000 57
0 57 1000 58
0 58 1000 59
0 59 1000 60
0 60 1000 61
0 61 1000 62
0 62 1000 63
0 63 1000 64
0 64 1000 65
0 65 1000 66
0 66 1000 67
0 67 1000 68
0 68 1000 69
0 69 1000 70
0 70 1000 71
0 71 1000 72
0 72 1000 73
0 73 1000 74
0 74 1000 75
0 75 1000 76
0 76 1000 77
0 77 1000 78
0 78 1000 79
0 79 1000 80
0 80 1000 81
0 81 1000 82
0 82 1000 83
0 83 1000 84
0 84 1000 85
0 85 1000 86
0 86 1000 87
0 87 1000 88
0 88 1000 89
0 89 1000 90
0 90 1000 91
0 91 1000 92
0 92 1000 93
0 93 1000 94
0 94 1000 95
0 95 1000 96
0 96 1000 97
0 97 1000 98
0 98 1000 99
0 99 1000 100
0 100 1000 101
0 101 1000 102
0 102 1000 103
0 103 1000 104
0 104 1000 105
0 105 1000 106
0 106 1000 107
0 107 1000 108
0 108 1000 109
0 109 1000 110
0 110 1000 111
0 111 1000 112
0 112 1000 113
0 113 1000 114
0 114 1000 115
0 115 1000 116
0 116 1000 117
0 117 1000 118
0 118 1000 119
0 119 1000 120
0 120 1000 121
0 121 1000 122
0 122 1000 123
0 123 1000 124
0 124 1000 125
0 125 1000 126
0 126 1000 127
0 127 1000 128
0 128 1000 129
0 129 1000 130
0 130 1000 131
0 131 1000 132
0 132 1000 133
0 133 1000 134
0 134 1000 135
0 135 1000 136
0 136 1000 137
0 137 1000 138
0 138 1000 139
0 139 1000 140
0 140 1000 141
0 141 1000 142
0 142 1000 143
0 143 1000 144
0 144 1000 145
0 145 1000 146
0 146 1000 147
0 147 1000 148
0 148 1000 149
0 149 1000 150
0 150 1000 151
0 151 1000 152
0 152 1000 153
0 153 1000 154
0 154 1000 155
0 155 1000 156
0 156 1000 157
0 157 1000 158
0 158 1000 159
0 159 1000 160
0 160 1000 161
0 161 1000 162
0 162 1000 163
0 163 1000 164
0 164 1000 165
0 165 1000 166
0 166 1000 167
0 167 1000 168
0 168 1000 169
0 169 1000 170
0 170 1000 171
0 171 1000 172
0 172 1000 173
0 173 1000 174
0 174 1000 175
0 175 1000 176
0 176 1000 177
0 177 1000 178
0 178 1000 179
0 179 1000 180
0 180 1000 181
0 181 1000 182
0 182 1000 183
0 183 1000 184
0 184 1000 185
0 185 1000 186
0 186 1000 187
0 187 1000 188
0 188 1000 189
0 189 1000 190
0 190 1000 191
0 191 1000 192
0 192 1000 193
0 193 1000 194
0 194 1000 195
0 195 1000 196
0 196 1000 197
0 197 1000 198
0 198 1000 199
0 199 1000 200
0 200 1000 201
0 201 1000 202
0 202 1000 203
0 203 1000 204
0 204 1000 205
0 205 1000 206
0 206 1000 207
0 207 1000 208
0 208 1000 209
0 209 1000 210
0 210 1000 211
0 211 1000 212
0 212 1000 213
0 213 1000 214
0 214 1000 215
0 215 1000 216
0 216 1000 217
0 217 1000 218
0 218 1000 219
0 219 1000 220
0 220 1000 221
0 221 1000 222
0 222 1000 223
0 223 1000 224
0 224 1000 225
0 225 1000 226
0 226 1000 227
0 227 1000 228
0 228 1000 229
0 229 1000 230
0 230 1000 231
0 231 1000 232
0 232 1000 233
0 233 1000 234
0 234 1000 235
0 235 1000 236
0 236 1000 237
0 237 1000 238
0 238 1000 239
0 239 1000 240
0 240 1000 241
0 241 1000 242
0 242 1000 243
0 243 1000 244
0 244 1000 245
0 245 1000 246
0 246 1000 247
0 247 1000 248
0 248 1000 249
0 249 1000 250
0 250 1000 251
0 251 1000 252
0 252 1000 253
0 253 1000 254
0 254 1000 255
0 255 1000 256
0 256 1000 257
0 257 1000 258
0 258 1000 259
0 259 1000 260
0 260 1000 261
0 261 1000 262
0 262 1000 263
0 263 1000 264
0 264 1000 265
0 265 1000 266
0 266 1000 267
0 267 1000 268
0 268 1000 269
0 269 1000 270
0 270 1000 271
0 271 1000 272
0 272 1000 273
0 273 1000 274
0 274 1000 275
0 275 1000 276
0 276 1000 277
0 277 1000 278
0 278 1000 279
0 279 1000 280
0 280 1000 281
0 281 1000 282
0 282 1000 283
0 283 1000 284
0 284 1000 285
0 285 1000 286
0 286 1000 287
0 287 1000 288
0 288 1000 289
0 289 1000 290
0 290 1000 291
0 291 1000 292
0 292 1000 293
0 293 1000 294
0 294 1000 295
0 295 1000 296
0 296 1000 297
0 297 1000 298
0 298 1000 299
0 299 1000 300
0 300 1000 301
0 301 1000 302
0 302 1000 303
0 303 1000 304
0 304 1000 305
0 305 1000 306
0 306 1000 307
0 307 1000 308
0 308 1000 309
0 309 1000 310
0 310 1000 311
0 311 1000 312
0 312 1000 313
0 313 1000 314
0 314 1000 315
0 315 1000 316
0 316 1000 317
0 317 1000 318
0 318 1000 319
0 319 1000 320
0 320 1000 321
0 321 1000 322
0 322 1000 323
0 323 1000 324
0 324 1000 325
0 325 1000 326
0 326 1000 327
0 327 1000 328
0 328 1000 329
0 329 1000 330
0 330 1000 331
0 331 1000 332
0 332 1000 333
0 333 1000 334
0 334 1000 335
0 335 1000 336
0 336 1000 337
0 337 1000 338
0 338 1000 339
0 339 1000 340
0 340 1000 341
0 341 1000 342
0 342 1000 343
0 343 1000 344
0 344 1000 345
0 345 1000 346
0 346 1000 347
0 347 1000 348
0 348 1000 349
0 349 1000 350
0 350 1000 351
0 351 1000 352
0 352 1000 353
0 353 1000 354
0 354 1000 355
0 355 1000 356
0 356 1000 357
0 357 1000 358
0 358 1000 359
0 359 1000 360
0 360 1000 361
0 361 1000 362
0 362 1000 363
0 363 1000 364
0 364 1000 365
0 365 1000 366
0 366 1000 367
0 367 1000 368
0 368 1000 369
0 369 1000 370
0 370 1000 371
0 371 1000 372
0 372 1000 373
0 373 1000 374
0 374 1000 375
0 375 1000 376
0 376 1000 377
0 377 1000 378
0 378 1000 379
0 379 1000 380
0 380 1000 381
0 381 1000 382
0 382 1000 383
0 383 1000 384
0 384 1000 385
0 385 1000 386
0 386 1000 387
0 387 1000 388
0 388 1000 389
0 389 1000 390
0 390 1000 391
0 391 1000 392
0 392 1000 393
0 393 1000 394
0 394 1000 395
0 395 1000 396
0 396 1000 397
0 397 1000 398
0 398 1000 399
0 399 1000 400
0 400 1000 401
0 401 1000 402
0 402 1000 403
0 403 1000 404
0 404 1000 405
0 405 1000 406
0 406 1000 407
0 407 1000 408
0 408 1000 409
0 409 1000 410
0 410 1000 411
0 411 1000 412
0 412 1000 413
0 413 1000 414
0 414 1000 415
0 415 1000 416
0 416 1000 417
0 417 1000 418
0 418 1000 419
0 419 1000 420
0 420 1000 421
0 421 1000 422
0 422 1000 423
0 423 1000 424
0 424 1000 425
0 425 1000 426
0 426 1000 427
0 427 1000 428
0 428 1000 429
0 429 1000 430
0 430 1000 431
0 431 1000 432
0 432 1000 433
0 433 1000 434
0 434 1000 435
0 435 1000 436
0 436 1000 437
0 437 1000 438
0 438 1000 439
0 439 1000 440
0 440 1000 441
0 441 1000 442
0 442 1000 443
0 443 1000 444
0 444 1000 445
0 445 1000 446
0 446 1000 447
0 447 1000 448
0 448 1000 449
0 449 1000 450
0 450 1000 451
0 451 1000 452
0 452 1000 453
0 453 1000 454
0 454 1000 455
0 455 1000 456
0 456 1000 457
0 457 1000 458
0 458 1000 459
0 459 1000 460
0 460 1000 461
0 461 1000 462
0 462 1000 463
0 463 1000 464
0 464 1000 465
0 465 1000 466
0 466 1000 467
0 467 1000 468
0 468 1000 469
0 469 1000 470
0 470 1000 471
0 471 1000 472
0 472 1000 473
0 473 1000 474
0 474 1000 475
0 475 1000 476
0 476 1000 477
0 477 1000 478
0 478 1000 479
0 479 1000 480
0 480 1000 481
0 481 1000 482
0 482 1000 483
0 483 1000 484
0 484 1000 485
0 485 1000 486
0 486 1000 487
0 487 1000 488
0 488 1000 489
0 489 1000 490
0 490 1000 491
0 491 1000 492
0 492 1000 493
0 493 1000 494
0 494 1000 495
0 495 1000 496
0 496 1000 497
0 497 1000 498
0 498 1000 499
0 499 1000 500
0 500 1000 501
0 501 1000 502
0 502 1000 503
0 503 1000 504
0 504 1000 505
0 505 1000 506
0 506 1000 507
0 507 1000 508
0 508 1000 509
0 509 1000 510
0 510 1000 511
0 511 1000 512
0 512 1000 513
0 513 1000 514
0 514 1000 515
0 515 1000 516
0 516 1000 517
0 517 1000 518
0 518 1000 519
0 519 1000 520
0 520 1000 521
0 521 1000 522
0 522 1000 523
0 523 1000 524
0 524 1000 525
0 525 1000 526
0 526 1000 527
0 527 1000 528
0 528 1000 529
0 529 1000 530
0 530 1000 531
0 531 1000 532
0 532 1000 533
0 533 1000 534
0 534 1000 535
0 535 1000 536
0 536 1000 537
0 537 1000 538
0 538 1000 539
0 539 1000 540
0 540 1000 541
0 541 1000 542
0 542 1000 543
0 543 1000 544
0 544 1000 545
0 545 1000 546
0 546 1000 547
0 547 1000 548
0 548 1000 549
0 549 1000 550
0 550 1000 551
0 551 1000 552
0 552 1000 553
0 553 1000 554
0 554 1000 555
0 555 1000 556
0 556 1000 557
0 557 1000 558
0 558 1000 559
0 559 1000 560
0 560 1000 561
0 561 1000 562
0 562 1000 563
0 563 1000 564
0 564 1000 565
0 565 1000 566
0 566 1000 567
0 567 1000 568
0 568 1000 569
0 569 1000 570
0 570 1000 571
0 571 1000 572
0 572 1000 573
0 573 1000 574
0 574 1000 575
0 575 1000 576
0 576 1000 577
0 577 1000 578
0 578 1000 579
0 579 1000 580
0 580 1000 581
0 581 1000 582
0 582 1000 583
0 583 1000 584
0 584 1000 585
0 585 1000 586
0 586 1000 587
0 587 1000 588
0 588 1000 589
0 589 1000 590
0 590 1000 591
0 591 1000 592
0 592 1000 593
0 593 1000 594
0 594 1000 595
0 595 1000 596
0 596 1000 597
0 597 1000 598
0 598 1000 599
0 599 1000 600
0 600 1000 601
0 601 1000 602
0 602 1000 603
0 603 1000 604
0 604 1000 605
0 605 1000 606
0 606 1000 607
0 607 1000 608
0 608 1000 609
0 609 1000 610
0 610 1000 611
0 611 1000 612
0 612 1000 613
0 613 1000 614
0 614 1000 615
0 615 1000 616
0 616 1000 617
0 617 1000 618
0 618 1000 619
0 619 1000 620
0 620 1000 621
0 621 1000 622
0 622 1000 623
0 623 1000 624
0 624 1000 625
0 625 1000 626
0 626 1000 627
0 627 1000 628
0 628 1000 629
0 629 1000 630
0 630 1000 631
0 631 1000 632
0 632 1000 633
0 633 1000 634
0 634 1000 635
0 635 1000 636
0 636 1000 637
0 637 1000 638
0 638 1000 639
0 639 1000 640
0 640 1000 641
0 641 1000 642
0 642 1000 643
0 643 1000 644
0 644 1000 645
0 645 1000 646
0 646 1000 647
0 647 1000 648
0 648 1000 649
0 649 1000 650
0 650 1000 651
0 651 1000 652
0 652 1000 653
0 653 1000 654
0 654 1000 655
0 655 1000 656
0 656 1000 657
0 657 1000 658
0 658 1000 659
0 659 1000 660
0 660 1000 661
0 661 1000 662
0 662 1000 663
0 663 1000 664
0 664 1000 665
0 665 1000 666
0 666 1000 667
0 667 1000 668
0 668 1000 669
0 669 1000 670
0 670 1000 671
0 671 1000 672
0 672 1000 673
0 673 1000 674
0 674 1000 675
0 675 1000 676
0 676 1000 677
0 677 1000 678
0 678 1000 679
0 679 1000 680
0 680 1000 681
0 681 1000 682
0 682 1000 683
0 683 1000 684
0 684 1000 685
0 685 1000 686
0 686 1000 687
0 687 1000 688
0 688 1000 689
0 689 1000 690
0 690 1000 691
0 691 1000 692
0 692 1000 693
0 693 1000 694
0 694 1000 695
0 695 1000 696
0 696 1000 697
0 697 1000 698
0 698 1000 699
0 699 1000 700
0 700 1000 701
0 701 1000 702
0 702 1000 703
0 703 1000 704
0 704 1000 705
0 705 1000 706
0 706 1000 707
0 707 1000 708
0 708 1000 709
0 709 1000 710
0 710 1000 711
0 711 1000 712
0 712 1000 713
0 713 1000 714
0 714 1000 715
0 715 1000 716
0 716 1000 717
0 717 1000 718
0 718 1000 719
0 719 1000 720
0 720 1000 721
0 721 1000 722
0 722 1000 723
0 723 1000 724
0 724 1000 725
0 725 1000 726
0 726 1000 727
0 727 1000 728
0 728 1000 729
0 729 1000 730
0 730 1000 731
0 731 1000 732
0 732 1000 733
0 733 1000 734
0 734 1000 735
0 735 1000 736
0 736 1000 737
0 737 1000 738
0 738 1000 739
0 739 1000 740
0 740 1000 741
0 741 1000 742
0 742 1000 743
0 743 1000 744
0 744 1000 745
0 745 1000 746
0 746 1000 747
0 747 1000 748
0 748 1000 749
0 749 1000 750
0 750 1000 751
0 751 1000 752
0 752 1000 753
0 753 1000 754
0 754 1000 755
0 755 1000 756
0 756 1000 757
0 757 1000 758
0 758 1000 759
0 759 1000 760
0 760 1000 761
0 761 1000 762
0 762 1000 763
0 763 1000 764
0 764 1000 765
0 765 1000 766
0 766 1000 767
0 767 1000 768
0 768 1000 769
0 769 1000 770
0 770 1000 771
0 771 1000 772
0 772 1000 773
0 773 1000 774
0 774 1000 775
0 775 1000 776
0 776 1000 777
0 777 1000 778
0 778 1000 779
0 779 1000 780
0 780 1000 781
0 781 1000 782
0 782 1000 783
0 783 1000 784
0 784 1000 785
0 785 1000 786
0 786 1000 787
0 787 1000 788
0 788 1000 789
0 789 1000 790
0 790 1000 791
0 791 1000 792
0 792 1000 793
0 793 1000 794
0 794 1000 795
0 795 1000 796
0 796 1000 797
0 797 1000 798
0 798 1000 799
0 799 1000 800
0 800 1000 801
0 801 1000 802
0 802 1000 803
0 803 1000 804
0 804 1000 805
0 805 1000 806
0 806 1000 807
0 807 1000 808
0 808 1000 809
0 809 1000 810
0 810 1000 811
0 811 1000 812
0 812 1000 813
0 813 1000 814
0 814 1000 815
0 815 1000 816
0 816 1000 817
0 817 1000 818
0 818 1000 819
0 819 1000 820
0 820 1000 821
0 821 1000 822
0 822 1000 823
0 823 1000 824
0 824 1000 825
0 825 1000 826
0 826 1000 827
0 827 1000 828
0 828 1000 829
0 829 1000 830
0 830 1000 831
0 831 1000 832
0 832 1000 833
0 833 1000 834
0 834 1000 835
0 835 1000 836
0 836 1000 837
0 837 1000 838
0 838 1000 839
0 839 1000 840
0 840 1000 841
0 841 1000 842
0 842 1000 843
0 843 1000 844
0 844 1000 845
0 845 1000 846
0 846 1000 847
0 847 1000 848
0 848 1000 849
0 849 1000 850
0 850 1000 851
0 851 1000 852
0 852 1000 853
0 853 1000 854
0 854 1000 855
0 855 1000 856
0 856 1000 857
0 857 1000 858
0 858 1000 859
0 859 1000 860
0 860 1000 861
0 861 1000 862
0 862 1000 863
0 863 1000 864
0 864 1000 865
0 865 1000 866
0 866 1000 867
0 867 1000 868
0 868 1000 869
0 869 1000 870
0 870 1000 871
0 871 1000 872
0 872 1000 873
0 873 1000 874
0 874 1000 875
0 875 1000 876
0 876 1000 877
0 877 1000 878
0 878 1000 879
0 879 1000 880
0 880 1000 881
0 881 1000 882
0 882 1000 883
0 883 1000 884
0 884 1000 885
0 885 1000 886
0 886 1000 887
0 887 1000 888
0 888 1000 889
0 889 1000 890
0 890 1000 891
0 891 1000 892
0 892 1000 893
0 893 1000 894
0 894 1000 895
0 895 1000 896
0 896 1000 897
0 897 1000 898
0 898 1000 899
0 899 1000 900
0 900 1000 901
0 901 1000 902
0 902 1000 903
0 903 1000 904
0 904 1000 905
0 905 1000 906
0 906 1000 907
0 907 1000 908
0 908 1000 909
0 909 1000 910
0 910 1000 911
0 911 1000 912
0 912 1000 913
0 913 1000 914
0 914 1000 915
0 915 1000 916
0 916 1000 917
0 917 1000 918
0 918 1000 919
0 919 1000 920
0 920 1000 921
0 921 1000 922
0 922 1000 923
0 923 1000 924
0 924 1000 925
0 925 1000 926
0 926 1000 927
0 927 1000 928
0 928 1000 929
0 929 1000 930
0 930 1000 931
0 931 1000 932
0 932 1000 933
0 933 1000 934
0 934 1000 935
0 935 1000 936
0 936 1000 937
0 937 1000 938
0 938 1000 939
0 939 1000 940
0 940 1000 941
0 941 1000 942
0 942 1000 943
0 943 1000 944
0 944 1000 945
0 945 1000 946
0 946 1000 947
0 947 1000 948
0 948 1000 949
0 949 1000 950
0 950 1000 951
0 951 1000 952
0 952 1000 953
0 953 1000 954
0 954 1000 955
0 955 1000 956
0 956 1000 957
0 957 1000 958
0 958 1000 959
0 959 1000 960
0 960 1000 961
0 961 1000 962
0 962 1000 963
0 963 1000 964
0 964 1000 965
0 965 1000 966
0 966 1000 967
0 967 1000 968
0 968 1000 969
0 969 1000 970
0 970 1000 971
0 971 1000 972
0 972 1000 973
0 973 1000 974
0 974 1000 975
0 975 1000 976
0 976 1000 977
0 977 1000 978
0 978 1000 979
0 979 1000 980
0 980 1000 981
0 981 1000 982
0 982 1000 983
0 983 1000 984
0 984 1000 985
0 985 1000 986
0 986 1000 987
0 987 1000 988
0 988 1000 989
0 989 1000 990
0 990 1000 991
0 991 1000 992
0 992 1000 993
0 993 1000 994
0 994 1000 995
0 995 1000 996
0 996 1000 997
0 997 1000 998
0 998 1000 999
0 999 1000 1000

